accuracy:[0.3300600051879883]
loss:[2.2671306133270264]
val_accuracy:[0.18979999423027039]
val_loss:[2.799630641937256]
